# N = 20 Be-CRL IF-1
# R = 50 um
# E = 9.5 keV
# Shape from simulation using mean deformation (300 m source distance for XPP)
# 
# r[um]	phase[rad]
  0.0	-6.2136
  0.1	-6.2136
  0.2	-6.2136
  0.3	-6.2136
  0.4	-6.2148
  0.5	-6.2178
  0.6	-6.2223
  0.7	-6.2282
  0.8	-6.2354
  0.9	-6.2436
  1.0	-6.2527
  1.1	-6.2626
  1.2	-6.2731
  1.3	-6.2841
  1.4	-6.2953
  1.5	-6.3066
  1.6	-6.3179
  1.7	-6.3290
  1.8	-6.3399
  1.9	-6.3506
  2.0	-6.3611
  2.1	-6.3714
  2.2	-6.3816
  2.3	-6.3915
  2.4	-6.4013
  2.5	-6.4109
  2.6	-6.4203
  2.7	-6.4296
  2.8	-6.4387
  2.9	-6.4478
  3.0	-6.4568
  3.1	-6.4657
  3.2	-6.4746
  3.3	-6.4834
  3.4	-6.4922
  3.5	-6.5010
  3.6	-6.5097
  3.7	-6.5183
  3.8	-6.5268
  3.9	-6.5353
  4.0	-6.5436
  4.1	-6.5517
  4.2	-6.5598
  4.3	-6.5677
  4.4	-6.5755
  4.5	-6.5832
  4.6	-6.5909
  4.7	-6.5984
  4.8	-6.6059
  4.9	-6.6133
  5.0	-6.6207
  5.1	-6.6280
  5.2	-6.6351
  5.3	-6.6422
  5.4	-6.6492
  5.5	-6.6560
  5.6	-6.6627
  5.7	-6.6692
  5.8	-6.6757
  5.9	-6.6819
  6.0	-6.6881
  6.1	-6.6941
  6.2	-6.7000
  6.3	-6.7058
  6.4	-6.7115
  6.5	-6.7170
  6.6	-6.7225
  6.7	-6.7280
  6.8	-6.7333
  6.9	-6.7386
  7.0	-6.7438
  7.1	-6.7489
  7.2	-6.7541
  7.3	-6.7591
  7.4	-6.7642
  7.5	-6.7691
  7.6	-6.7739
  7.7	-6.7787
  7.8	-6.7833
  7.9	-6.7877
  8.0	-6.7920
  8.1	-6.7961
  8.2	-6.8000
  8.3	-6.8037
  8.4	-6.8073
  8.5	-6.8108
  8.6	-6.8141
  8.7	-6.8173
  8.8	-6.8204
  8.9	-6.8235
  9.0	-6.8264
  9.1	-6.8293
  9.2	-6.8320
  9.3	-6.8347
  9.4	-6.8373
  9.5	-6.8398
  9.6	-6.8422
  9.7	-6.8445
  9.8	-6.8467
  9.9	-6.8488
 10.0	-6.8509
 10.1	-6.8528
 10.2	-6.8546
 10.3	-6.8563
 10.4	-6.8579
 10.5	-6.8593
 10.6	-6.8607
 10.7	-6.8620
 10.8	-6.8631
 10.9	-6.8641
 11.0	-6.8650
 11.1	-6.8659
 11.2	-6.8666
 11.3	-6.8672
 11.4	-6.8677
 11.5	-6.8681
 11.6	-6.8684
 11.7	-6.8686
 11.8	-6.8687
 11.9	-6.8687
 12.0	-6.8686
 12.1	-6.8684
 12.2	-6.8681
 12.3	-6.8677
 12.4	-6.8672
 12.5	-6.8666
 12.6	-6.8658
 12.7	-6.8650
 12.8	-6.8641
 12.9	-6.8630
 13.0	-6.8618
 13.1	-6.8606
 13.2	-6.8592
 13.3	-6.8577
 13.4	-6.8560
 13.5	-6.8543
 13.6	-6.8525
 13.7	-6.8505
 13.8	-6.8484
 13.9	-6.8462
 14.0	-6.8439
 14.1	-6.8416
 14.2	-6.8391
 14.3	-6.8365
 14.4	-6.8339
 14.5	-6.8312
 14.6	-6.8284
 14.7	-6.8255
 14.8	-6.8225
 14.9	-6.8194
 15.0	-6.8162
 15.1	-6.8129
 15.2	-6.8095
 15.3	-6.8059
 15.4	-6.8022
 15.5	-6.7984
 15.6	-6.7945
 15.7	-6.7904
 15.8	-6.7863
 15.9	-6.7820
 16.0	-6.7776
 16.1	-6.7732
 16.2	-6.7686
 16.3	-6.7639
 16.4	-6.7591
 16.5	-6.7543
 16.6	-6.7493
 16.7	-6.7442
 16.8	-6.7391
 16.9	-6.7338
 17.0	-6.7284
 17.1	-6.7230
 17.2	-6.7174
 17.3	-6.7117
 17.4	-6.7060
 17.5	-6.7001
 17.6	-6.6941
 17.7	-6.6880
 17.8	-6.6818
 17.9	-6.6754
 18.0	-6.6690
 18.1	-6.6625
 18.2	-6.6559
 18.3	-6.6492
 18.4	-6.6424
 18.5	-6.6356
 18.6	-6.6286
 18.7	-6.6216
 18.8	-6.6145
 18.9	-6.6073
 19.0	-6.5999
 19.1	-6.5925
 19.2	-6.5849
 19.3	-6.5772
 19.4	-6.5694
 19.5	-6.5614
 19.6	-6.5534
 19.7	-6.5453
 19.8	-6.5370
 19.9	-6.5288
 20.0	-6.5204
 20.1	-6.5120
 20.2	-6.5035
 20.3	-6.4950
 20.4	-6.4863
 20.5	-6.4776
 20.6	-6.4688
 20.7	-6.4598
 20.8	-6.4507
 20.9	-6.4415
 21.0	-6.4322
 21.1	-6.4228
 21.2	-6.4132
 21.3	-6.4036
 21.4	-6.3938
 21.5	-6.3840
 21.6	-6.3740
 21.7	-6.3640
 21.8	-6.3539
 21.9	-6.3438
 22.0	-6.3336
 22.1	-6.3232
 22.2	-6.3129
 22.3	-6.3024
 22.4	-6.2919
 22.5	-6.2813
 22.6	-6.2706
 22.7	-6.2599
 22.8	-6.2490
 22.9	-6.2381
 23.0	-6.2271
 23.1	-6.2159
 23.2	-6.2047
 23.3	-6.1933
 23.4	-6.1818
 23.5	-6.1702
 23.6	-6.1585
 23.7	-6.1468
 23.8	-6.1349
 23.9	-6.1230
 24.0	-6.1110
 24.1	-6.0990
 24.2	-6.0870
 24.3	-6.0748
 24.4	-6.0627
 24.5	-6.0504
 24.6	-6.0381
 24.7	-6.0258
 24.8	-6.0134
 24.9	-6.0009
 25.0	-5.9883
 25.1	-5.9757
 25.2	-5.9630
 25.3	-5.9501
 25.4	-5.9372
 25.5	-5.9242
 25.6	-5.9110
 25.7	-5.8977
 25.8	-5.8843
 25.9	-5.8709
 26.0	-5.8573
 26.1	-5.8436
 26.2	-5.8299
 26.3	-5.8162
 26.4	-5.8024
 26.5	-5.7886
 26.6	-5.7747
 26.7	-5.7609
 26.8	-5.7470
 26.9	-5.7330
 27.0	-5.7189
 27.1	-5.7048
 27.2	-5.6906
 27.3	-5.6763
 27.4	-5.6618
 27.5	-5.6473
 27.6	-5.6328
 27.7	-5.6181
 27.8	-5.6034
 27.9	-5.5887
 28.0	-5.5739
 28.1	-5.5590
 28.2	-5.5442
 28.3	-5.5293
 28.4	-5.5143
 28.5	-5.4993
 28.6	-5.4843
 28.7	-5.4692
 28.8	-5.4540
 28.9	-5.4388
 29.0	-5.4235
 29.1	-5.4082
 29.2	-5.3928
 29.3	-5.3773
 29.4	-5.3617
 29.5	-5.3461
 29.6	-5.3305
 29.7	-5.3147
 29.8	-5.2989
 29.9	-5.2831
 30.0	-5.2671
 30.1	-5.2512
 30.2	-5.2351
 30.3	-5.2191
 30.4	-5.2029
 30.5	-5.1867
 30.6	-5.1705
 30.7	-5.1542
 30.8	-5.1379
 30.9	-5.1216
 31.0	-5.1052
 31.1	-5.0887
 31.2	-5.0723
 31.3	-5.0558
 31.4	-5.0393
 31.5	-5.0227
 31.6	-5.0061
 31.7	-4.9895
 31.8	-4.9728
 31.9	-4.9561
 32.0	-4.9393
 32.1	-4.9224
 32.2	-4.9056
 32.3	-4.8886
 32.4	-4.8717
 32.5	-4.8547
 32.6	-4.8376
 32.7	-4.8206
 32.8	-4.8036
 32.9	-4.7865
 33.0	-4.7695
 33.1	-4.7525
 33.2	-4.7354
 33.3	-4.7183
 33.4	-4.7011
 33.5	-4.6839
 33.6	-4.6667
 33.7	-4.6494
 33.8	-4.6320
 33.9	-4.6146
 34.0	-4.5971
 34.1	-4.5796
 34.2	-4.5621
 34.3	-4.5445
 34.4	-4.5270
 34.5	-4.5094
 34.6	-4.4918
 34.7	-4.4742
 34.8	-4.4565
 34.9	-4.4389
 35.0	-4.4213
 35.1	-4.4036
 35.2	-4.3859
 35.3	-4.3682
 35.4	-4.3505
 35.5	-4.3327
 35.6	-4.3149
 35.7	-4.2971
 35.8	-4.2793
 35.9	-4.2614
 36.0	-4.2434
 36.1	-4.2255
 36.2	-4.2075
 36.3	-4.1895
 36.4	-4.1714
 36.5	-4.1534
 36.6	-4.1353
 36.7	-4.1173
 36.8	-4.0993
 36.9	-4.0814
 37.0	-4.0634
 37.1	-4.0455
 37.2	-4.0276
 37.3	-4.0097
 37.4	-3.9918
 37.5	-3.9739
 37.6	-3.9560
 37.7	-3.9381
 37.8	-3.9202
 37.9	-3.9022
 38.0	-3.8842
 38.1	-3.8662
 38.2	-3.8482
 38.3	-3.8302
 38.4	-3.8122
 38.5	-3.7941
 38.6	-3.7761
 38.7	-3.7581
 38.8	-3.7400
 38.9	-3.7220
 39.0	-3.7040
 39.1	-3.6859
 39.2	-3.6679
 39.3	-3.6499
 39.4	-3.6319
 39.5	-3.6140
 39.6	-3.5960
 39.7	-3.5780
 39.8	-3.5601
 39.9	-3.5421
 40.0	-3.5242
 40.1	-3.5062
 40.2	-3.4882
 40.3	-3.4703
 40.4	-3.4523
 40.5	-3.4343
 40.6	-3.4164
 40.7	-3.3984
 40.8	-3.3805
 40.9	-3.3626
 41.0	-3.3447
 41.1	-3.3268
 41.2	-3.3089
 41.3	-3.2911
 41.4	-3.2733
 41.5	-3.2556
 41.6	-3.2379
 41.7	-3.2203
 41.8	-3.2027
 41.9	-3.1851
 42.0	-3.1675
 42.1	-3.1500
 42.2	-3.1325
 42.3	-3.1149
 42.4	-3.0974
 42.5	-3.0798
 42.6	-3.0622
 42.7	-3.0446
 42.8	-3.0270
 42.9	-3.0094
 43.0	-2.9918
 43.1	-2.9743
 43.2	-2.9568
 43.3	-2.9394
 43.4	-2.9220
 43.5	-2.9047
 43.6	-2.8875
 43.7	-2.8703
 43.8	-2.8531
 43.9	-2.8360
 44.0	-2.8189
 44.1	-2.8018
 44.2	-2.7848
 44.3	-2.7677
 44.4	-2.7507
 44.5	-2.7337
 44.6	-2.7168
 44.7	-2.6998
 44.8	-2.6829
 44.9	-2.6660
 45.0	-2.6491
 45.1	-2.6323
 45.2	-2.6155
 45.3	-2.5987
 45.4	-2.5819
 45.5	-2.5652
 45.6	-2.5485
 45.7	-2.5318
 45.8	-2.5151
 45.9	-2.4985
 46.0	-2.4819
 46.1	-2.4654
 46.2	-2.4490
 46.3	-2.4325
 46.4	-2.4162
 46.5	-2.3999
 46.6	-2.3836
 46.7	-2.3675
 46.8	-2.3513
 46.9	-2.3353
 47.0	-2.3193
 47.1	-2.3033
 47.2	-2.2874
 47.3	-2.2715
 47.4	-2.2556
 47.5	-2.2398
 47.6	-2.2241
 47.7	-2.2083
 47.8	-2.1926
 47.9	-2.1770
 48.0	-2.1613
 48.1	-2.1457
 48.2	-2.1301
 48.3	-2.1145
 48.4	-2.0990
 48.5	-2.0835
 48.6	-2.0681
 48.7	-2.0528
 48.8	-2.0375
 48.9	-2.0224
 49.0	-2.0072
 49.1	-1.9922
 49.2	-1.9772
 49.3	-1.9623
 49.4	-1.9474
 49.5	-1.9325
 49.6	-1.9176
 49.7	-1.9028
 49.8	-1.8880
 49.9	-1.8732
 50.0	-1.8584
 50.1	-1.8437
 50.2	-1.8291
 50.3	-1.8145
 50.4	-1.8000
 50.5	-1.7856
 50.6	-1.7712
 50.7	-1.7570
 50.8	-1.7428
 50.9	-1.7287
 51.0	-1.7147
 51.1	-1.7007
 51.2	-1.6868
 51.3	-1.6730
 51.4	-1.6592
 51.5	-1.6454
 51.6	-1.6317
 51.7	-1.6181
 51.8	-1.6045
 51.9	-1.5910
 52.0	-1.5776
 52.1	-1.5642
 52.2	-1.5508
 52.3	-1.5375
 52.4	-1.5243
 52.5	-1.5111
 52.6	-1.4979
 52.7	-1.4848
 52.8	-1.4718
 52.9	-1.4588
 53.0	-1.4458
 53.1	-1.4329
 53.2	-1.4201
 53.3	-1.4073
 53.4	-1.3946
 53.5	-1.3819
 53.6	-1.3694
 53.7	-1.3569
 53.8	-1.3444
 53.9	-1.3320
 54.0	-1.3197
 54.1	-1.3075
 54.2	-1.2953
 54.3	-1.2832
 54.4	-1.2712
 54.5	-1.2592
 54.6	-1.2473
 54.7	-1.2355
 54.8	-1.2237
 54.9	-1.2120
 55.0	-1.2004
 55.1	-1.1888
 55.2	-1.1773
 55.3	-1.1659
 55.4	-1.1546
 55.5	-1.1433
 55.6	-1.1321
 55.7	-1.1209
 55.8	-1.1099
 55.9	-1.0988
 56.0	-1.0879
 56.1	-1.0769
 56.2	-1.0661
 56.3	-1.0553
 56.4	-1.0445
 56.5	-1.0338
 56.6	-1.0232
 56.7	-1.0126
 56.8	-1.0021
 56.9	-0.9916
 57.0	-0.9812
 57.1	-0.9709
 57.2	-0.9606
 57.3	-0.9504
 57.4	-0.9402
 57.5	-0.9302
 57.6	-0.9202
 57.7	-0.9102
 57.8	-0.9004
 57.9	-0.8906
 58.0	-0.8809
 58.1	-0.8713
 58.2	-0.8617
 58.3	-0.8522
 58.4	-0.8428
 58.5	-0.8334
 58.6	-0.8241
 58.7	-0.8149
 58.8	-0.8057
 58.9	-0.7966
 59.0	-0.7876
 59.1	-0.7786
 59.2	-0.7697
 59.3	-0.7609
 59.4	-0.7522
 59.5	-0.7435
 59.6	-0.7350
 59.7	-0.7264
 59.8	-0.7180
 59.9	-0.7096
 60.0	-0.7012
 60.1	-0.6930
 60.2	-0.6847
 60.3	-0.6766
 60.4	-0.6685
 60.5	-0.6605
 60.6	-0.6525
 60.7	-0.6446
 60.8	-0.6368
 60.9	-0.6290
 61.0	-0.6213
 61.1	-0.6136
 61.2	-0.6060
 61.3	-0.5985
 61.4	-0.5911
 61.5	-0.5837
 61.6	-0.5764
 61.7	-0.5692
 61.8	-0.5620
 61.9	-0.5549
 62.0	-0.5478
 62.1	-0.5408
 62.2	-0.5339
 62.3	-0.5270
 62.4	-0.5201
 62.5	-0.5133
 62.6	-0.5065
 62.7	-0.4998
 62.8	-0.4932
 62.9	-0.4866
 63.0	-0.4801
 63.1	-0.4736
 63.2	-0.4673
 63.3	-0.4610
 63.4	-0.4548
 63.5	-0.4487
 63.6	-0.4427
 63.7	-0.4367
 63.8	-0.4308
 63.9	-0.4250
 64.0	-0.4192
 64.1	-0.4134
 64.2	-0.4077
 64.3	-0.4021
 64.4	-0.3965
 64.5	-0.3909
 64.6	-0.3854
 64.7	-0.3800
 64.8	-0.3746
 64.9	-0.3693
 65.0	-0.3641
 65.1	-0.3589
 65.2	-0.3538
 65.3	-0.3488
 65.4	-0.3438
 65.5	-0.3389
 65.6	-0.3340
 65.7	-0.3291
 65.8	-0.3244
 65.9	-0.3196
 66.0	-0.3150
 66.1	-0.3103
 66.2	-0.3058
 66.3	-0.3013
 66.4	-0.2969
 66.5	-0.2926
 66.6	-0.2883
 66.7	-0.2841
 66.8	-0.2800
 66.9	-0.2759
 67.0	-0.2718
 67.1	-0.2678
 67.2	-0.2638
 67.3	-0.2599
 67.4	-0.2560
 67.5	-0.2521
 67.6	-0.2483
 67.7	-0.2445
 67.8	-0.2408
 67.9	-0.2372
 68.0	-0.2336
 68.1	-0.2300
 68.2	-0.2266
 68.3	-0.2232
 68.4	-0.2198
 68.5	-0.2165
 68.6	-0.2132
 68.7	-0.2100
 68.8	-0.2068
 68.9	-0.2036
 69.0	-0.2004
 69.1	-0.1973
 69.2	-0.1943
 69.3	-0.1912
 69.4	-0.1883
 69.5	-0.1854
 69.6	-0.1825
 69.7	-0.1797
 69.8	-0.1770
 69.9	-0.1744
 70.0	-0.1718
 70.1	-0.1693
 70.2	-0.1668
 70.3	-0.1644
 70.4	-0.1620
 70.5	-0.1596
 70.6	-0.1573
 70.7	-0.1551
 70.8	-0.1528
 70.9	-0.1506
 71.0	-0.1485
 71.1	-0.1464
 71.2	-0.1443
 71.3	-0.1422
 71.4	-0.1402
 71.5	-0.1382
 71.6	-0.1363
 71.7	-0.1344
 71.8	-0.1325
 71.9	-0.1307
 72.0	-0.1289
 72.1	-0.1271
 72.2	-0.1254
 72.3	-0.1237
 72.4	-0.1221
 72.5	-0.1205
 72.6	-0.1189
 72.7	-0.1173
 72.8	-0.1158
 72.9	-0.1143
 73.0	-0.1129
 73.1	-0.1114
 73.2	-0.1101
 73.3	-0.1087
 73.4	-0.1074
 73.5	-0.1061
 73.6	-0.1048
 73.7	-0.1036
 73.8	-0.1024
 73.9	-0.1012
 74.0	-0.1000
 74.1	-0.0989
 74.2	-0.0979
 74.3	-0.0968
 74.4	-0.0958
 74.5	-0.0948
 74.6	-0.0939
 74.7	-0.0930
 74.8	-0.0921
 74.9	-0.0913
 75.0	-0.0905
 75.1	-0.0897
 75.2	-0.0889
 75.3	-0.0882
 75.4	-0.0875
 75.5	-0.0868
 75.6	-0.0862
 75.7	-0.0855
 75.8	-0.0849
 75.9	-0.0843
 76.0	-0.0837
 76.1	-0.0831
 76.2	-0.0824
 76.3	-0.0818
 76.4	-0.0812
 76.5	-0.0807
 76.6	-0.0802
 76.7	-0.0797
 76.8	-0.0792
 76.9	-0.0789
 77.0	-0.0785
 77.1	-0.0783
 77.2	-0.0780
 77.3	-0.0778
 77.4	-0.0776
 77.5	-0.0774
 77.6	-0.0772
 77.7	-0.0770
 77.8	-0.0768
 77.9	-0.0765
 78.0	-0.0763
 78.1	-0.0761
 78.2	-0.0760
 78.3	-0.0758
 78.4	-0.0757
 78.5	-0.0756
 78.6	-0.0755
 78.7	-0.0755
 78.8	-0.0754
 78.9	-0.0754
 79.0	-0.0754
 79.1	-0.0754
 79.2	-0.0753
 79.3	-0.0753
 79.4	-0.0752
 79.5	-0.0752
 79.6	-0.0752
 79.7	-0.0751
 79.8	-0.0751
 79.9	-0.0752
 80.0	-0.0752
 80.1	-0.0753
 80.2	-0.0754
 80.3	-0.0755
 80.4	-0.0757
 80.5	-0.0758
 80.6	-0.0760
 80.7	-0.0762
 80.8	-0.0763
 80.9	-0.0765
 81.0	-0.0766
 81.1	-0.0767
 81.2	-0.0768
 81.3	-0.0769
 81.4	-0.0771
 81.5	-0.0772
 81.6	-0.0773
 81.7	-0.0774
 81.8	-0.0776
 81.9	-0.0777
 82.0	-0.0779
 82.1	-0.0781
 82.2	-0.0783
 82.3	-0.0785
 82.4	-0.0787
 82.5	-0.0790
 82.6	-0.0793
 82.7	-0.0796
 82.8	-0.0799
 82.9	-0.0802
 83.0	-0.0805
 83.1	-0.0808
 83.2	-0.0811
 83.3	-0.0813
 83.4	-0.0815
 83.5	-0.0817
 83.6	-0.0818
 83.7	-0.0820
 83.8	-0.0822
 83.9	-0.0823
 84.0	-0.0825
 84.1	-0.0827
 84.2	-0.0829
 84.3	-0.0832
 84.4	-0.0834
 84.5	-0.0837
 84.6	-0.0839
 84.7	-0.0842
 84.8	-0.0844
 84.9	-0.0846
 85.0	-0.0848
 85.1	-0.0850
 85.2	-0.0852
 85.3	-0.0853
 85.4	-0.0855
 85.5	-0.0856
 85.6	-0.0858
 85.7	-0.0859
 85.8	-0.0860
 85.9	-0.0862
 86.0	-0.0863
 86.1	-0.0864
 86.2	-0.0865
 86.3	-0.0866
 86.4	-0.0868
 86.5	-0.0869
 86.6	-0.0871
 86.7	-0.0873
 86.8	-0.0874
 86.9	-0.0876
 87.0	-0.0877
 87.1	-0.0879
 87.2	-0.0880
 87.3	-0.0880
 87.4	-0.0881
 87.5	-0.0881
 87.6	-0.0881
 87.7	-0.0882
 87.8	-0.0882
 87.9	-0.0882
 88.0	-0.0882
 88.1	-0.0882
 88.2	-0.0882
 88.3	-0.0882
 88.4	-0.0882
 88.5	-0.0882
 88.6	-0.0882
 88.7	-0.0882
 88.8	-0.0882
 88.9	-0.0881
 89.0	-0.0880
 89.1	-0.0879
 89.2	-0.0878
 89.3	-0.0877
 89.4	-0.0875
 89.5	-0.0874
 89.6	-0.0873
 89.7	-0.0871
 89.8	-0.0870
 89.9	-0.0868
 90.0	-0.0867
 90.1	-0.0865
 90.2	-0.0864
 90.3	-0.0862
 90.4	-0.0860
 90.5	-0.0858
 90.6	-0.0855
 90.7	-0.0853
 90.8	-0.0850
 90.9	-0.0847
 91.0	-0.0844
 91.1	-0.0841
 91.2	-0.0838
 91.3	-0.0835
 91.4	-0.0832
 91.5	-0.0829
 91.6	-0.0825
 91.7	-0.0822
 91.8	-0.0818
 91.9	-0.0815
 92.0	-0.0811
 92.1	-0.0807
 92.2	-0.0803
 92.3	-0.0799
 92.4	-0.0795
 92.5	-0.0791
 92.6	-0.0787
 92.7	-0.0782
 92.8	-0.0778
 92.9	-0.0774
 93.0	-0.0770
 93.1	-0.0766
 93.2	-0.0762
 93.3	-0.0758
 93.4	-0.0753
 93.5	-0.0748
 93.6	-0.0743
 93.7	-0.0737
 93.8	-0.0731
 93.9	-0.0725
 94.0	-0.0719
 94.1	-0.0713
 94.2	-0.0706
 94.3	-0.0700
 94.4	-0.0694
 94.5	-0.0688
 94.6	-0.0682
 94.7	-0.0677
 94.8	-0.0671
 94.9	-0.0666
 95.0	-0.0660
 95.1	-0.0654
 95.2	-0.0647
 95.3	-0.0640
 95.4	-0.0633
 95.5	-0.0626
 95.6	-0.0618
 95.7	-0.0611
 95.8	-0.0603
 95.9	-0.0595
 96.0	-0.0588
 96.1	-0.0581
 96.2	-0.0574
 96.3	-0.0567
 96.4	-0.0561
 96.5	-0.0554
 96.6	-0.0547
 96.7	-0.0541
 96.8	-0.0534
 96.9	-0.0527
 97.0	-0.0519
 97.1	-0.0512
 97.2	-0.0504
 97.3	-0.0496
 97.4	-0.0488
 97.5	-0.0480
 97.6	-0.0472
 97.7	-0.0464
 97.8	-0.0455
 97.9	-0.0447
 98.0	-0.0438
 98.1	-0.0430
 98.2	-0.0421
 98.3	-0.0413
 98.4	-0.0404
 98.5	-0.0396
 98.6	-0.0387
 98.7	-0.0379
 98.8	-0.0371
 98.9	-0.0363
 99.0	-0.0355
 99.1	-0.0347
 99.2	-0.0339
 99.3	-0.0332
 99.4	-0.0325
 99.5	-0.0318
 99.6	-0.0311
 99.7	-0.0304
 99.8	-0.0296
 99.9	-0.0289
100.0	-0.0281
100.1	-0.0273
100.2	-0.0265
100.3	-0.0256
100.4	-0.0248
100.5	-0.0240
100.6	-0.0231
100.7	-0.0223
100.8	-0.0216
100.9	-0.0208
101.0	-0.0201
101.1	-0.0195
101.2	-0.0188
101.3	-0.0182
101.4	-0.0175
101.5	-0.0169
101.6	-0.0162
101.7	-0.0156
101.8	-0.0149
101.9	-0.0142
102.0	-0.0135
102.1	-0.0128
102.2	-0.0121
102.3	-0.0115
102.4	-0.0108
102.5	-0.0102
102.6	-0.0096
102.7	-0.0090
102.8	-0.0084
102.9	-0.0079
103.0	-0.0073
103.1	-0.0068
103.2	-0.0064
103.3	-0.0059
103.4	-0.0054
103.5	-0.0050
103.6	-0.0046
103.7	-0.0042
103.8	-0.0038
103.9	-0.0034
104.0	-0.0031
104.1	-0.0027
104.2	-0.0024
104.3	-0.0021
104.4	-0.0019
104.5	-0.0016
104.6	-0.0014
104.7	-0.0011
104.8	-0.0009
104.9	-0.0008
105.0	-0.0006
105.1	-0.0005
105.2	-0.0003
105.3	-0.0002
105.4	-0.0001
105.5	-0.0001
105.6	-0.0000
105.7	0.0000
105.8	0.0001
105.9	0.0001
106.0	0.0000
106.1	-0.0001
106.2	-0.0002
106.3	-0.0004
106.4	-0.0006
106.5	-0.0009
106.6	-0.0012
106.7	-0.0016
106.8	-0.0020
106.9	-0.0024
107.0	-0.0029
107.1	-0.0034
107.2	-0.0039
107.3	-0.0044
107.4	-0.0049
107.5	-0.0055
107.6	-0.0060
107.7	-0.0066
107.8	-0.0073
107.9	-0.0080
108.0	-0.0087
108.1	-0.0095
108.2	-0.0103
108.3	-0.0112
108.4	-0.0121
108.5	-0.0130
108.6	-0.0140
108.7	-0.0148
108.8	-0.0157
108.9	-0.0165
109.0	-0.0173
109.1	-0.0182
109.2	-0.0190
109.3	-0.0200
109.4	-0.0210
109.5	-0.0222
109.6	-0.0236
109.7	-0.0252
109.8	-0.0269
109.9	-0.0288
110.0	-0.0307
110.1	-0.0328
110.2	-0.0349
110.3	-0.0371
110.4	-0.0392
110.5	-0.0413
110.6	-0.0433
110.7	-0.0454
110.8	-0.0474
110.9	-0.0494
111.0	-0.0515
111.1	-0.0536
111.2	-0.0557
111.3	-0.0579
111.4	-0.0601
111.5	-0.0624
111.6	-0.0647
111.7	-0.0672
111.8	-0.0697
111.9	-0.0722
112.0	-0.0749
112.1	-0.0777
112.2	-0.0805
112.3	-0.0834
112.4	-0.0864
112.5	-0.0894
112.6	-0.0925
112.7	-0.0957
112.8	-0.0989
112.9	-0.1022
113.0	-0.1055
113.1	-0.1088
113.2	-0.1122
113.3	-0.1157
113.4	-0.1193
113.5	-0.1229
113.6	-0.1266
113.7	-0.1304
113.8	-0.1343
113.9	-0.1382
114.0	-0.1423
114.1	-0.1464
114.2	-0.1505
114.3	-0.1548
114.4	-0.1591
114.5	-0.1634
114.6	-0.1678
114.7	-0.1723
114.8	-0.1768
114.9	-0.1814
115.0	-0.1861
115.1	-0.1908
115.2	-0.1957
115.3	-0.2006
115.4	-0.2055
115.5	-0.2106
115.6	-0.2158
115.7	-0.2211
115.8	-0.2264
115.9	-0.2319
116.0	-0.2375
116.1	-0.2431
116.2	-0.2489
116.3	-0.2548
116.4	-0.2608
116.5	-0.2668
116.6	-0.2730
116.7	-0.2792
116.8	-0.2855
116.9	-0.2918
117.0	-0.2982
117.1	-0.3047
117.2	-0.3112
117.3	-0.3178
117.4	-0.3246
117.5	-0.3314
117.6	-0.3383
117.7	-0.3453
117.8	-0.3524
117.9	-0.3596
118.0	-0.3669
118.1	-0.3743
118.2	-0.3818
118.3	-0.3893
118.4	-0.3970
118.5	-0.4047
118.6	-0.4126
118.7	-0.4205
118.8	-0.4285
118.9	-0.4366
119.0	-0.4449
119.1	-0.4532
119.2	-0.4617
119.3	-0.4704
119.4	-0.4791
119.5	-0.4880
119.6	-0.4969
119.7	-0.5060
119.8	-0.5152
119.9	-0.5245
120.0	-0.5339
120.1	-0.5434
120.2	-0.5530
120.3	-0.5627
120.4	-0.5725
120.5	-0.5824
120.6	-0.5925
120.7	-0.6026
120.8	-0.6129
120.9	-0.6233
121.0	-0.6339
121.1	-0.6445
121.2	-0.6553
121.3	-0.6662
121.4	-0.6772
121.5	-0.6883
121.6	-0.6995
121.7	-0.7107
121.8	-0.7220
121.9	-0.7335
122.0	-0.7450
122.1	-0.7566
122.2	-0.7684
122.3	-0.7802
122.4	-0.7922
122.5	-0.8043
122.6	-0.8165
122.7	-0.8289
122.8	-0.8414
122.9	-0.8540
123.0	-0.8668
123.1	-0.8797
123.2	-0.8927
123.3	-0.9059
123.4	-0.9193
123.5	-0.9328
123.6	-0.9464
123.7	-0.9602
123.8	-0.9741
123.9	-0.9880
124.0	-1.0021
124.1	-1.0163
124.2	-1.0306
124.3	-1.0450
124.4	-1.0596
124.5	-1.0742
124.6	-1.0890
124.7	-1.1039
124.8	-1.1189
124.9	-1.1341
125.0	-1.1495
125.1	-1.1650
125.2	-1.1807
125.3	-1.1966
125.4	-1.2127
125.5	-1.2291
125.6	-1.2457
125.7	-1.2625
125.8	-1.2795
125.9	-1.2967
126.0	-1.3140
126.1	-1.3313
126.2	-1.3487
126.3	-1.3660
126.4	-1.3832
126.5	-1.4002
126.6	-1.4173
126.7	-1.4343
126.8	-1.4514
126.9	-1.4687
127.0	-1.4862
127.1	-1.5039
127.2	-1.5221
127.3	-1.5407
127.4	-1.5597
127.5	-1.5791
127.6	-1.5988
127.7	-1.6188
127.8	-1.6390
127.9	-1.6594
128.0	-1.6801
128.1	-1.7008
128.2	-1.7216
128.3	-1.7426
128.4	-1.7636
128.5	-1.7848
128.6	-1.8060
128.7	-1.8272
128.8	-1.8485
128.9	-1.8699
129.0	-1.8914
129.1	-1.9129
129.2	-1.9346
129.3	-1.9565
129.4	-1.9786
129.5	-2.0010
129.6	-2.0237
129.7	-2.0467
129.8	-2.0699
129.9	-2.0932
130.0	-2.1167
130.1	-2.1401
130.2	-2.1634
130.3	-2.1866
130.4	-2.2094
130.5	-2.2319
130.6	-2.2542
130.7	-2.2763
130.8	-2.2983
130.9	-2.3204
131.0	-2.3426
131.1	-2.3650
131.2	-2.3878
131.3	-2.4109
131.4	-2.4345
131.5	-2.4585
131.6	-2.4829
131.7	-2.5077
131.8	-2.5328
131.9	-2.5583
132.0	-2.5841
132.1	-2.6102
132.2	-2.6368
132.3	-2.6638
132.4	-2.6914
132.5	-2.7196
132.6	-2.7485
132.7	-2.7783
132.8	-2.8089
132.9	-2.8405
133.0	-2.8727
133.1	-2.9055
133.2	-2.9384
133.3	-2.9713
133.4	-3.0039
133.5	-3.0360
133.6	-3.0672
133.7	-3.0975
133.8	-3.1269
133.9	-3.1556
134.0	-3.1838
134.1	-3.2115
134.2	-3.2391
134.3	-3.2666
134.4	-3.2942
134.5	-3.3220
134.6	-3.3501
134.7	-3.3784
134.8	-3.4068
134.9	-3.4353
135.0	-3.4639
135.1	-3.4925
135.2	-3.5211
135.3	-3.5496
135.4	-3.5780
135.5	-3.6064
135.6	-3.6347
135.7	-3.6631
135.8	-3.6914
135.9	-3.7197
136.0	-3.7480
136.1	-3.7763
136.2	-3.8047
136.3	-3.8330
136.4	-3.8614
136.5	-3.8898
136.6	-3.9181
136.7	-3.9465
136.8	-3.9749
136.9	-4.0033
137.0	-4.0316
137.1	-4.0600
137.2	-4.0884
137.3	-4.1167
137.4	-4.1451
137.5	-4.1735
137.6	-4.2018
137.7	-4.2302
137.8	-4.2585
137.9	-4.2869
138.0	-4.3153
138.1	-4.3436
138.2	-4.3720
138.3	-4.4004
138.4	-4.4287
138.5	-4.4571
138.6	-4.4855
138.7	-4.5138
138.8	-4.5422
138.9	-4.5705
139.0	-4.5989
139.1	-4.6273
139.2	-4.6556
139.3	-4.6840
139.4	-4.7124
139.5	-4.7407
139.6	-4.7691
139.7	-4.7975
139.8	-4.8258
139.9	-4.8542
140.0	-4.8826
140.1	-4.9109
140.2	-4.9393
140.3	-4.9676
140.4	-4.9960
140.5	-5.0244
140.6	-5.0527
140.7	-5.0811
140.8	-5.1095
140.9	-5.1378
141.0	-5.1662
141.1	-5.1946
141.2	-5.2229
141.3	-5.2513
141.4	-5.2797
141.5	-5.3080
141.6	-5.3364
141.7	-5.3647
141.8	-5.3931
141.9	-5.4215
142.0	-5.4498
142.1	-5.4782
142.2	-5.5066
142.3	-5.5349
142.4	-5.5633
142.5	-5.5917
142.6	-5.6200
142.7	-5.6484
142.8	-5.6768
142.9	-5.7051
143.0	-5.7335
143.1	-5.7618
143.2	-5.7902
143.3	-5.8186
143.4	-5.8469
143.5	-5.8753
143.6	-5.9037
143.7	-5.9320
143.8	-5.9604
143.9	-5.9888
144.0	-6.0171
144.1	-6.0455
144.2	-6.0739
144.3	-6.1022
144.4	-6.1306
144.5	-6.1589
144.6	-6.1873
144.7	-6.2157
144.8	-6.2440
144.9	-6.2724
145.0	-6.3008
145.1	-6.3291
145.2	-6.3575
145.3	-6.3859
145.4	-6.4142
145.5	-6.4426
145.6	-6.4710
145.7	-6.4993
145.8	-6.5277
145.9	-6.5560
146.0	-6.5844
146.1	-6.6128
146.2	-6.6411
146.3	-6.6695
146.4	-6.6979
146.5	-6.7262
146.6	-6.7546
146.7	-6.7830
146.8	-6.8113
146.9	-6.8397
147.0	-6.8681
147.1	-6.8964
147.2	-6.9248
147.3	-6.9531
147.4	-6.9815
147.5	-7.0099
147.6	-7.0382
147.7	-7.0666
147.8	-7.0950
147.9	-7.1233
148.0	-7.1517
148.1	-7.1801
148.2	-7.2084
148.3	-7.2368
148.4	-7.2652
148.5	-7.2935
148.6	-7.3219
148.7	-7.3502
148.8	-7.3786
148.9	-7.4070
149.0	-7.4353
149.1	-7.4637
149.2	-7.4921
149.3	-7.5204
149.4	-7.5488
149.5	-7.5772
149.6	-7.6055
149.7	-7.6339
149.8	-7.6623
149.9	-7.6906
